#Tour zu Denny
052297515,009989547,2,Ummeln       
052274157,009974704,2,Luehnde      
052272972,009952857,1,ab           
052271314,009952316,2,Bleder       
052272378,009924809,1,Bledeln      
052256370,009930315,2,Sarstedt     
052251712,009909552,1,Sarstadt     
052242068,009900582,2,halten       
052237776,009875460,0,3.Ausfahrt   
052236052,009873212,0,rueber       
052233761,009859390,0,2.Ausfahrt   
052239871,009856491,1,Roessing     
052226209,009842055,0,Waypoint     
052190712,009813753,1,3.Ausfahrt   
052184655,009832019,0,R halten     
052159449,009856080,0,Auf B1       
052158268,009873829,2,Abfahrt      
052157707,009875968,2,Diekholzem   
052157720,009872453,1,Diekholzem   
052102245,009919130,2,Diekholzem   
052089423,009915481,0,DANGER       
052065064,009900729,0,L halten     
052050409,009902365,0,Wrisbergh.   
052034032,009908580,0,Sack         
052000104,009860747,1,Adenstedt    
052000110,009940543,0,Harbarnsen   
052002184,009961630,2,Harbarnse    
051995220,009963944,1,folgen       
051979772,009975573,0,lamspringe   
051957925,010009121,1,4.Ausfahrt   
051960961,010012029,2,Karlsfund    
051947549,010120694,2,folgen       
051944693,010123244,1,Bornhausen   
051944942,010131017,2,Bornhausen   
051914872,010152758,0,Seesen       
051891692,010159578,1,Seesen       
051891798,010172634,2,gleich L     
051891167,010173288,1,Lauten       
051883393,010209715,0,Lauten       
051877111,010284255,2,lauten       
051861423,010280123,0,Wildemann    
051820688,010271874,0,weiter       
051812261,010281700,0,R halten     
051808469,010281952,0,Clausthal    
051803638,010324944,0,Clausthal    
051804529,010329930,2,Tendenzie.   
051801527,010338667,2,halten       
051796287,010357370,0,Altenau      
051775480,010422620,0,Treffpunkt   
051760742,010512489,0,=Treffpun.   
051664345,010667486,2, gleich L    
051664500,010668983,1,Tanne        
051678452,010664957,0,waypoint     
051696722,010662196,2,Sorge        
051699113,010727039,0,L halten     
051735816,010761733,0,waypoint     
051748121,010757465,2,Werninger.   
051769631,010803260,1,Werninger.   
051823231,010807760,0,Waypoint     
051830893,010790164,1,S Kurve      
051831143,010788743,1,B244         
051830955,010784715,0,2.Ausfahrt   
051832313,010780673,2,B244         
051839107,010759465,0,Waypoint     
051865064,010685409,0,Waypoint     
051888754,010672681,0,Waypoint     
051898070,010666392,1,Schlewecke   
051890739,010599174,0,Waypoint     
051885883,010560213,2,Buendheim    
051898773,010482763,2,B6           
051917221,010450574,0,auf B241     
051922134,010411026,1,B82          
051919718,010403032,2,B82          
051929942,010318960,0,=Waypoint=   
051955151,010268742,2,Lutter       
051988565,010267764,2,Wallmoden    
051988906,010269816,1,Wallmoden    
051989913,010269512,2,Wallmoden    
052011124,010261182,1,halten       
052024424,010272273,1,Sehlde       
052037026,010261159,2,Tendenzie.   
052038607,010261993,1,Tendenzie.   
052039658,010264255,1,wieder       
052041890,010264369,0,Heere        
052065628,010249634,1,Baddecken.   
052088596,010233073,1,B6           
052131431,010066302,2,Ottbergen    
052152519,010083166,1,Bettmar      
052172060,010039967,2,Rautenberg   
052173138,010043343,1,Rautenberg   
052223119,010034316,0,Gross Lob.   
052287426,010014362,1,Sehnde       
052383041,009720622,0,AKA          
