006033470,046152830
006036670,046217580
006039860,050836500
006044420,046200190
006045440,046185690
006047610,050831890
006052810,046234220
006053440,050799190
006062500,046224610
006063330,051789470
006066670,046216750
006069310,050762000
006073890,050777670
006073940,050777030
006075690,046204690
006075720,050805830
006077170,046200390
006077970,046179580
006078110,046194640
006078330,046194440
006078890,046179640
006081970,051069030
006082940,046216060
006083060,046183890
006084640,046173470
006087000,046224810
006087030,050865140
006087780,046219860
006090280,050973500
006093670,046214970
006093810,046169720
006093970,046169810
006094170,046184440
006094170,046180560
006094390,046180640
006095310,046181080
006096170,046215940
006098940,046179580
006099360,046179530
006100810,050957420
006101500,046222390
006102220,046225390
006103170,046213580
006103890,046185000
006104720,046219830
006105220,046162890
006106720,046219580
006108080,046186530
006109060,046179830
006109920,046218530
006110110,046205500
006110670,046222250
006110720,046211440
006111190,046199190
006111610,046218280
006111720,046196860
006112830,046217830
006114530,046228310
006114720,046161280
006115860,046205780
006116360,050952360
006116390,046189190
006117360,050870530
006117750,046185390
006118060,046206310
006118310,046189860
006118330,050996720
006118500,046206420
006120280,046183110
006120750,046191420
006121000,046209420
006121080,046163280
006121500,046192030
006121690,046179170
006121750,046179000
006123190,046233360
006123420,046215310
006123750,046193690
006123810,046314390
006123920,046236310
006124280,046215220
006124670,046272530
006125280,046230250
006125530,046167080
006125810,046229920
006127470,046166360
006128170,046194330
006129250,046213860
006129360,046265970
006129440,046200560
006129580,046246390
006130670,050831060
006130830,050809110
006131530,051688750
006133830,046168060
006134560,046146440
006135420,046178140
006136670,046249390
006136750,050778250
006137170,046146920
006137220,046206280
006138640,046253940
006138670,046161080
006140500,051113080
006144190,050775470
006144750,046168140
006146170,051804080
006146610,046195390
006147530,046184830
006147750,046181920
006147830,046184860
006148470,046182190
006148890,046237140
006149060,046236720
006149310,046163470
006149670,046163330
006149830,050841470
006149860,046220940
006149890,046204560
006150390,046204250
006150670,050841360
006151280,046216470
006151640,046244440
006151750,046244030
006152280,046183940
006153190,046164250
006155810,046195780
006155830,051781110
006156310,051717330
006157140,051209390
006157360,046205360
006157920,046205670
006159580,050994110
006159610,046335360
006159690,046204830
006160810,046200970
006161030,046171500
006161420,046200720
006162890,046196920
006163690,051804940
006165690,046292030
006165720,046291470
006166390,046196190
006167080,046209330
006167720,046209640
006168830,046195390
006169420,046195170
006171610,046205780
006172390,046172330
006173690,050908310
006174970,046183920
006176940,046199220
006179780,046206390
006179890,050879360
006180310,046221360
006180330,046198830
006181190,050704670
006182080,046216670
006182420,046172920
006182720,046224500
006183810,050694830
006184970,050785670
006185610,046167780
006185720,050713080
006186610,046228440
006187110,046229140
006187530,046190190
006187750,046197750
006188190,050899060
006189170,050662110
006191580,050785190
006191610,046233440
006192580,046192610
006194000,046235330
006194690,050860580
006195940,051281390
006196610,046206250
006198330,046188060
006199030,050887140
006199440,050772000
006199860,050781030
006201420,050637690
006203190,046252530
006203940,051054640
006204140,046386610
006204250,046386440
006204360,046221190
006204420,046235280
006205500,050678190
006206500,046210920
006208000,051764780
006208780,050635280
006210000,046240920
006212940,050726110
006214830,046264720
006216810,046201440
006217220,046236330
006218470,050776920
006218830,051335830
006218860,046202360
006218970,050566670
006223280,046245000
006224190,046277940
006226470,050850280
006226830,050850390
006228860,046260110
006231890,050727920
006232280,046390330
006232780,046246030
006233420,046383580
006233780,046414060
006233890,046414220
006234750,050626190
006234970,050626220
006235720,046239470
006236890,050799140
006237750,050736890
006240690,046220610
006241560,051859170
006242720,051463080
006244060,046298970
006245030,051554360
006250310,051231000
006257140,050978860
006259420,050595140
006260280,050529810
006262250,051661920
006263000,051408500
006263110,050715500
006264500,051745720
006264580,051561860
006266140,050740170
006266890,051386390
006267190,050630580
006269060,050826170
006270110,051675080
006272390,050885390
006273110,051135610
006273500,051452970
006278030,050632190
006279720,051626390
006284500,050762030
006292890,046443920
006294940,051108110
006295250,051106940
006296670,050820610
006298000,050778690
006298610,050777780
006310830,050627560
006311890,050627220
006313250,051130470
006318420,050966280
006320810,050963890
006326110,050607110
006327750,051743250
006334030,050605940
006335610,051411890
006341750,051416750
006344060,046468330
006344970,051213190
006355280,051403360
006358780,051283000
006360940,051057940
006360970,051057970
006368310,051802690
006371940,051335310
006383190,050576670
006385360,050715030
006386640,051317830
006391110,050812750
006391390,050519000
006405390,051632940
006409970,051195750
006410580,046477280
006412920,051116080
006414690,051236470
006415220,050210170
006416580,051366110
006418310,050806220
006419560,051443610
006421690,051162690
006426030,051776110
006430780,051147860
006433810,051213580
006434690,050865780
006435810,051432220
006437190,051775500
006442110,051206580
006443780,051187190
006443780,051182530
006446190,051175440
006447530,051170830
006455810,046493640
006459220,051033330
006465500,050828920
006465970,051592060
006468610,050830440
006468830,046734080
006471390,050812640
006478330,051318420
006481360,051442190
006481500,051449030
006485500,051439390
006487110,051563360
006487610,050816110
006488860,050813420
006489030,051200310
006491000,050660330
006494560,050763280
006494640,046507440
006495390,046507610
006496310,046509170
006500420,050795250
006500750,046515140
006502360,046517610
006502610,046517390
006502720,050792390
006514610,050983690
006515440,051714720
006520640,046523750
006524500,051526030
006546140,051434220
006549190,051004970
006553060,051695420
006553220,046537030
006553390,046536920
006554860,051279970
006563360,046565330
006564060,046563560
006564440,046540330
006566530,046552780
006567530,051862440
006568330,050405720
006569250,046531890
006572060,046527830
006572860,051847500
006573640,046538060
006574110,051847440
006585670,051488360
006587360,046535970
006587530,046561280
006591810,046523580
006592750,050925420
006593690,050573310
006596440,051194420
006596470,050946190
006598750,051711420
006600000,046519280
006600940,050935810
006601670,051704190
006602440,046531220
006605250,050700110
006610310,046519440
006614030,046521360
006616920,046520970
006617220,051341330
006619830,046541720
006621440,046542250
006622750,050952810
006624970,046523860
006626670,050851360
006629640,046511530
006635640,046757420
006635860,046757360
006639720,046517220
006640670,046518940
006646170,046638940
006646810,046509420
006649080,046536860
006650830,050605360
006650940,046538890
006651030,046514780
006652060,046540140
006652890,050810830
006665640,050451080
006666330,050704810
006671810,051186310
006677690,051607920
006678440,051608140
006680310,051213750
006681060,046523890
006682810,051754280
006683250,051715280
006684000,051165560
006685580,050867890
006696530,050867280
006699640,050872440
006709580,051856470
006716000,050899390
006718330,050911860
006722720,050648220
006723920,046958190
006724780,051703420
006726690,050489470
006726810,051701220
006732580,050390220
006737780,050413250
006738810,051198420
006741750,046581640
006745920,051270080
006747220,051270640
006750610,051200330
006757310,051601250
006758810,051210830
006760670,046609140
006761220,050934920
006762110,051216670
006762830,050675970
006768560,050755610
006770860,051228610
006771280,051230440
006771530,046598750
006771610,046588810
006773280,046594470
006775440,051187030
006775530,051187030
006777970,050957250
006790420,051207330
006792360,050980500
006797440,050938310
006804330,051866390
006804780,050917110
006806170,047085810
006808720,051614640
006809220,047086470
006809720,051175720
006810310,051255890
006810640,047093110
006811920,051866580
006813440,051815970
006813750,050938720
006813920,050938390
006813970,051816890
006814000,050938720
006814220,050938560
006818830,050822110
006821560,051022440
006825140,052021610
006825610,050776060
006825830,047100390
006826190,047093060
006828280,047105060
006831280,051192720
006832420,050735780
006833470,051288060
006833690,051312640
006834640,047111780
006839060,047109060
006840060,051227670
006841220,046479140
006842610,051681470
006846920,050928080
006849000,046483110
006850390,051431030
006851420,050901030
006851640,051824530
006855860,051310060
006856940,051517500
006860140,051168060
006861920,051493250
006864500,051498970
006873420,049279560
006873920,050871360
006877170,050708920
006878390,050709170
006879420,050941140
006879890,050955810
006880330,049296190
006880580,049295890
006881560,051450860
006882640,049282440
006886170,050812280
006886830,047055030
006887360,049302110
006888060,051086110
006888330,050895970
006888640,051085000
006889420,051437810
006889640,051070640
006890940,052576190
006893060,051964810
006896030,046979970
006896750,046444170
006897360,051971390
006898220,050716060
006900170,050843190
006900750,051021780
006901110,046457500
006903250,051023140
006903920,047017610
006904310,047012670
006905640,052125970
006906640,046443640
006908140,051064080
006908310,047017470
006909080,047024080
006911500,051093530
006911780,046990330
006917080,052137420
006920220,050724030
006920860,047000000
006920970,051295890
006922190,046372250
006924000,046991780
006924190,046990000
006925890,052549830
006926970,050896030
006930030,050775690
006931330,051463580
006932500,046411190
006935470,050963500
006937440,050730810
006938140,050731190
006940780,050832000
006942470,050953890
006943690,050953940
006945360,050617310
006946110,051121670
006946860,051227030
006947940,046997030
006948890,051176690
006949170,052053250
006949360,052053580
006950000,051174670
006950420,051308610
006950750,047002500
006951170,050904140
006952310,050956250
006959440,050798890
006962690,047005330
006962890,050959220
006965580,050809610
006967190,047073080
006968190,050958440
006968250,052536810
006970890,051065690
006971690,051066080
006972830,052177780
006973170,050931390
006973420,047076000
006973580,052602640
006974640,050858310
006975690,050954470
006976280,051655970
006977530,051139830
006978440,050952530
006978560,051381500
006979640,050966830
006980420,050965890
006981280,050960030
006981970,051331860
006982080,050950390
006982190,051657720
006983610,051952860
006984310,050948390
006988640,051288830
006989190,051188890
006989970,051527500
006990170,051527500
006991530,051398920
006991780,051016140
006992390,050647530
006993190,046297030
006993390,051044690
006994780,051260530
006996280,051049440
006996580,051049670
006998060,052587220
006999030,051231970
006999440,051576080
007000110,051329720
007003220,051331170
007004280,050947170
007005250,050947110
007007030,051069830
007007110,051433750
007016750,050948220
007017530,051187860
007018470,050948670
007018530,051469330
007019500,051543390
007020250,051033470
007024390,046290780
007024890,051417190
007029440,051333030
007032030,050982830
007033360,050736860
007033610,050967250
007036530,051039170
007050720,051881110
007050810,051879780
007054580,051586420
007054970,051025250
007057690,051743920
007057780,050748060
007057890,050967970
007059560,051557720
007059860,051438500
007060690,051091830
007060940,051419280
007061500,050938890
007061720,051039670
007063030,052167140
007063140,051463220
007064560,051463890
007064830,052166060
007065280,051332500
007066030,052192940
007066220,052326940
007066750,052322440
007067940,050674830
007069810,051464360
007070530,050920560
007072560,051512060
007073030,051855190
007073970,051228110
007074390,051855330
007075420,051379610
007077280,051654420
007079140,050949470
007080140,051580690
007088500,051051080
007088500,050824190
007089640,051904080
007089920,051521330
007092810,051516720
007094890,051469470
007095280,051469920
007097220,051351500
007097890,051338810
007099170,051078580
007100810,046909440
007101170,051510220
007101860,051509720
007102360,052395030
007102580,052394890
007106750,051213670
007106780,051516190
007107220,046911390
007110060,050649690
007114060,050710890
007115310,051250920
007116530,050966390
007117640,052083860
007118250,051034890
007119890,051026080
007120560,050990170
007126940,052009000
007128360,051277720
007129220,051608420
007129220,050990170
007129860,051472940
007131420,051199390
007132560,050988500
007133060,046927780
007135500,046930690
007136720,051506360
007138890,046811330
007143330,051247360
007145440,046795720
007145580,051980720
007148440,050747060
007148690,050691110
007149140,046801860
007149440,052339170
007151190,052336690
007151360,051577560
007151420,050968780
007151610,050687940
007152280,050688080
007152640,050695610
007155280,046796390
007156110,051173330
007157220,050993970
007157500,051174030
007157750,050685280
007158030,050685420
007158780,050723640
007160640,051736310
007163330,050680220
007163780,051245610
007165110,052507670
007166080,050822030
007168220,052664530
007168330,049399170
007168530,050686610
007173250,047100280
007173690,051260810
007174080,050639670
007176310,051928110
007176940,051410280
007177810,052504140
007178030,046810750
007179170,050748170
007180060,050804360
007181310,050741390
007184170,051962220
007184470,051182780
007186000,050802140
007189170,053485060
007189420,050698500
007189470,051476080
007190000,053366890
007190500,051225640
007190580,051224640
007194860,051667080
007195060,050697670
007195360,047113890
007197310,051666580
007200170,050679580
007201310,051849780
007202610,050995000
007203190,051297780
007203720,047119030
007206940,051097610
007208560,053394780
007208970,053395420
007211280,051307110
007213890,051177390
007214190,051177310
007215560,052014000
007215890,050655220
007217420,052014670
007218500,051278330
007219280,053355560
007219940,053353780
007220670,051115640
007220750,050636670
007223110,051012170
007223780,052136890
007224030,052137720
007224890,053342390
007227420,050845140
007228440,050791280
007228940,050791940
007230780,051013560
007231670,053339860
007233440,051057640
007234170,051013830
007235000,046870530
007235080,046870420
007236140,050906360
007236670,051844560
007237810,050811860
007238530,047132280
007239250,047131280
007239610,051063670
007239780,050782970
007239780,050782920
007240060,047138390
007240250,051280640
007240390,051064440
007241140,051939610
007241970,051295860
007244110,050646420
007248470,047134670
007248940,047134920
007249440,047134190
007249610,047134030
007250110,047138420
007250140,047127750
007254080,047140530
007254780,047134190
007254860,051656110
007256060,047128860
007258860,050679220
007259110,051502000
007259310,050969920
007260280,050970190
007262690,050820190
007263560,051313890
007264530,050820810
007264940,051952110
007265110,047140190
007265560,051217420
007266360,047152220
007267000,047152750
007267330,051217640
007267530,051601810
007267750,053064390
007268530,047149080
007270860,050848220
007270940,050848250
007271560,051357310
007273280,052691810
007273940,052691720
007276420,051355080
007276500,047125640
007276610,050690560
007277860,052178310
007278470,050658140
007278670,051314440
007278890,047046810
007278920,050934190
007281110,047146250
007287860,051250170
007289920,051250080
007292500,051674030
007294970,052077560
007295170,047102500
007295220,047102580
007302280,052674440
007302500,052674720
007303030,051646610
007306830,051295140
007307690,051161830
007309500,047077780
007311940,052071830
007312470,051145560
007314530,050787250
007314920,051565000
007315580,052442530
007315750,050787440
007316140,052383750
007318440,051537330
007319220,052250830
007323280,051508890
007323500,051516830
007323610,052503560
007323670,052503530
007325500,051491390
007325530,051491670
007326310,050822940
007328610,051740810
007334890,050767360
007340940,050767390
007343470,053003030
007343560,053002970
007348080,051582500
007351580,052989530
007351940,052545860
007354140,051405810
007355420,051597830
007355420,050740780
007357220,052468000
007357690,050823190
007369110,047139470
007372640,051866560
007380170,051631920
007381310,051698170
007382360,051698310
007382970,046899170
007384110,051339970
007391390,046887360
007393330,051608060
007394030,051339000
007394420,051339080
007397220,052100140
007397560,051343580
007401420,051482310
007405780,051338080
007407220,046920640
007410220,053442670
007410860,051317500
007411830,051353060
007412390,053442640
007414720,051344860
007416610,046909970
007419470,052701940
007420080,052141560
007421000,050985560
007421390,052142530
007422580,050833080
007422810,052431750
007423330,046939860
007423610,050774390
007424920,052430060
007425470,046931250
007427780,051340830
007427940,051381810
007428560,051382110
007430080,051753970
007430580,050842780
007432640,046925580
007432860,050985420
007432970,051033580
007433250,046940750
007434140,051408500
007435170,051615390
007436140,052065080
007436250,046944360
007436360,050922110
007438750,051191440
007439940,046929890
007440860,050858280
007441110,051939920
007441750,051276170
007442780,051939890
007446890,051523920
007447500,046940060
007448360,051358860
007450030,051381500
007450220,052992890
007452780,051477110
007453060,046940250
007453860,051381610
007454810,046963170
007457920,051310060
007460420,051380000
007462500,051324170
007464220,046949170
007464860,052787250
007466860,051373110
007466920,051662470
007468000,051500080
007470280,051381640
007472000,051362690
007479890,046959720
007480110,051392220
007481080,051920080
007481940,051347670
007482310,051919190
007487420,053478500
007488000,046959330
007488610,050975390
007488830,052814080
007489390,046949030
007490030,051344110
007490140,051370470
007491810,051371000
007493390,053459890
007495280,046960280
007496110,046927030
007496670,046926940
007497280,046975390
007497310,051880560
007506330,052213420
007506580,052214940
007507330,051503970
007510310,047052030
007515750,051197580
007517470,052681440
007518030,051327250
007518440,051328970
007520860,051562720
007522470,053077470
007522580,053076940
007522830,051388580
007527220,051160970
007528060,047195670
007529170,051310560
007531000,047209500
007532920,047201110
007535220,050976250
007537830,051555920
007538690,051739750
007539470,051739000
007540280,047195110
007540280,047195000
007541470,053426670
007542830,051679670
007543580,053425390
007544890,051353330
007545810,051408390
007547780,052496560
007547890,051034670
007548280,051032310
007548530,051115530
007551860,051248360
007553280,051000310
007558060,051460860
007559830,051119860
007560080,051917500
007563310,047515500
007564330,047561250
007564440,047561470
007565780,047549440
007565830,047550060
007566110,047549610
007566310,047201030
007566470,046875250
007569030,051152170
007573330,047529940
007576060,050924750
007576500,051194030
007579780,053014280
007581080,047550580
007581360,047199780
007581440,047550530
007581530,047200000
007581580,047199780
007582670,047494030
007585220,051630970
007585280,051254970
007585670,047553890
007585970,047553330
007587860,050364890
007588030,050359580
007590920,047566280
007591110,052837670
007591420,047499110
007593250,047540060
007593810,047547000
007594060,047546940
007594110,047485030
007595780,051129170
007596890,052578610
007597440,047508330
007599030,047494030
007600810,047546580
007601530,047493190
007602670,047498060
007602860,047571920
007603140,047521310
007603530,051433030
007605060,047533140
007605060,051204690
007605190,051258030
007606140,047561310
007607310,047515110
007608310,050802580
007608970,047564280
007609560,047572920
007611750,047521330
007613220,047513940
007613690,047568560
007613940,047517110
007614890,047547000
007619720,047566190
007621390,046759720
007624060,047529970
007627720,051367720
007632000,051116580
007637670,046750220
007639860,052861670
007640830,047524500
007640940,047524360
007643000,052084810
007643440,051026780
007644170,051798390
007644860,051320250
007645420,052164440
007651500,050922470
007651860,047602610
007653970,047016810
007654360,051501250
007656140,047626440
007662560,047607580
007663310,050987110
007664250,051694640
007668330,051368670
007681390,051535720
007690390,052724940
007693690,052725190
007703170,051584310
007707530,051339640
007708030,051477530
007712970,047535140
007717310,051276810
007719530,049437720
007721970,051880940
007722610,051245330
007723580,051701360
007723940,047528690
007725190,052730610
007726220,051182530
007727390,047495030
007730830,049432110
007735250,049452640
007740780,051059610
007744470,050940750
007747060,051349530
007748220,047483780
007748640,047483580
007757920,051251140
007759690,047298060
007759720,047297940
007763360,053343940
007763640,053342830
007766280,049445080
007768280,049445190
007768920,049445690
007770420,051467280
007771970,047236690
007772000,047236610
007774220,052025330
007774640,047488690
007774940,051029500
007776860,051670330
007777610,047482780
007778110,047482780
007779780,047476890
007780280,049443280
007780830,052282750
007781810,047474860
007781970,052282720
007789140,051755970
007797420,050306030
007808250,047439670
007810190,051540190
007811470,048025580
007812030,051686500
007812220,051686440
007812440,051540330
007815580,047983810
007816810,050953310
007817140,052972670
007817360,052970580
007818440,050295310
007819830,047256250
007820190,048511560
007821440,051669030
007822470,048502140
007822860,051243780
007822860,048521250
007823190,051618690
007825780,051464190
007826110,051039280
007827170,051667470
007827250,051465000
007829360,051673610
007830280,047990580
007838780,051654110
007840420,051715640
007841220,047988390
007841500,047988670
007841500,051033920
007842530,050990310
007844810,051702060
007845220,051107720
007847080,051389390
007847280,048026080
007848190,051774310
007853110,047990780
007853360,046678310
007855860,053055860
007856190,053043470
007857080,051835970
007857750,047995830
007857780,051966530
007858560,051051670
007860720,052036500
007863500,046688780
007864890,046686500
007866170,046686750
007866250,046685170
007867220,048599330
007867780,046690000
007868310,051469580
007869580,046686220
007870110,046691420
007871750,050963780
007872690,046683690
007874890,050874610
007875140,046690110
007877280,048601640
007883670,048349690
007884610,051941560
007885250,050938310
007888190,047988530
007890030,047348860
007892030,051133140
007893280,048340560
007898440,051778330
007900940,051465610
007900940,052164640
007902830,048340000
007904060,051794810
007905250,051122690
007905780,051926190
007906060,047349610
007907560,051123780
007908030,047358170
007908780,051947810
007910560,053583530
007912080,053586280
007913030,048336810
007917470,048499140
007918860,048487310
007922440,051542720
007923470,048512670
007923690,048331250
007926140,051866440
007926360,051865420
007931310,048496860
007932640,048326470
007933280,047364670
007945220,052682280
007947330,050869000
007948220,048440250
007949640,050828030
007949860,050828750
007953030,051765780
007955750,049987500
007966420,051176330
007967220,051257560
007973560,051001530
007974860,052851140
007975780,051037640
007976670,051934060
007976810,050885440
007976860,050885310
007978420,050838720
007979690,049996970
007983500,051961640
007984360,051165310
007987060,052823670
007987440,051359140
007989420,052850750
007989640,051130890
007997330,050409500
007999940,051038220
008005530,052581750
008006890,046940890
008008250,051178190
008011970,051137420
008012220,050861750
008021030,051966110
008024860,051824970
008028110,050852110
008030610,050781940
008034830,052301420
008035500,052299970
008036420,052291560
008036530,050470280
008036810,052025940
008040610,051880170
008043110,051913610
008043170,051913580
008045940,050154110
008053250,050803330
008057470,050472420
008058360,050474610
008061420,051150610
008061970,052247190
008062610,053526440
008064860,050503030
008067310,050135780
008068360,051094000
008069500,051376830
008081640,050858750
008082890,052824470
008093860,050037670
008094000,052818330
008096500,050110580
008097110,050423330
008099640,051542500
008102920,050472220
008103440,050471190
008104500,051637890
008105420,051088920
008106750,050910580
008108190,048796310
008116110,053398640
008116720,048799610
008119530,050055000
008123670,050392640
008124360,052135330
008124830,050417080
008126000,050050580
008129110,051592580
008148810,050759190
008149670,052104110
008150500,048859170
008153610,050144670
008159060,046783280
008159080,046783470
008162830,050306060
008163280,051320580
008165610,051793330
008167310,052550190
008181750,051582720
008188080,051261110
008195830,048894220
008196500,048904470
008200890,048836580
008201390,049054170
008202110,051964250
008207970,048898580
008212830,052338440
008212970,050041440
008213220,050171750
008217920,052601220
008225360,050072720
008228970,050072110
008235110,050072190
008240860,050066720
008244890,046889280
008244890,046889440
008246610,050323750
008246890,050322780
008249030,050987140
008253530,050060750
008253780,050060670
008256830,050072390
008259580,050070690
008260190,048131390
008261940,051730360
008270280,047083580
008273560,049607420
008274720,050731830
008276920,053386190
008277140,049678220
008279280,049631940
008282000,050736500
008282360,050012690
008284330,051878860
008285220,047053690
008287030,051339170
008288420,047059720
008290280,047079310
008291110,047057640
008292500,047057220
008294610,047038420
008294690,047046970
008294940,050770170
008295250,047046970
008295830,047069440
008296310,047054890
008296440,047054440
008296940,047055000
008297220,047070670
008298670,051808360
008298780,046967970
008299280,049641000
008299440,047058330
008300310,050742670
008302500,047041670
008303080,047033780
008303640,049037000
008304060,047045640
008304080,047045830
008304640,049036720
008305360,049036780
008305440,048292470
008307500,046980940
008307640,050777280
008309970,050723250
008310140,047063310
008311250,046998780
008311670,046978330
008311940,046978610
008315530,047042890
008318580,047058110
008318720,049632250
008320390,051787920
008320640,047065110
008321390,047055470
008321690,051532810
008323220,050788500
008323530,051811030
008325280,047034170
008326720,048981440
008327860,047058670
008329810,046979140
008329970,051520280
008330000,052328140
008330500,047033860
008334580,051725670
008336360,051608670
008336440,051351420
008337670,050815530
008338140,053266810
008340000,047056440
008341390,051631750
008341690,052016860
008343030,047047860
008344970,047103190
008345190,050619780
008345890,047056310
008346670,047052080
008346860,050814890
008346920,047045190
008348530,049004360
008349310,051675750
008353420,050616750
008353720,048998170
008360190,049008280
008365110,048994440
008371190,048135830
008372190,046869750
008372310,046869970
008377140,048314220
008380030,049993780
008383750,049934530
008384250,049641330
008384280,048991500
008384670,052765830
008391060,047409170
008392890,049005470
008393530,051904110
008394640,049634890
008396220,049005420
008397060,049878030
008399360,049633890
008401060,051996220
008401080,048989420
008401470,051996390
008402110,049654420
008404670,048968110
008406030,049928970
008406250,048977940
008407000,049684640
008410440,049685420
008410860,049922970
008412940,049980000
008413110,049980000
008413690,051481670
008415110,048993690
008418890,050020280
008418970,047972390
008419000,049989170
008419280,047972360
008420420,049987970
008421810,050153170
008427140,052088420
008427220,047171110
008427360,049496420
008428140,049986780
008428280,049986640
008428610,050020810
008428750,050931000
008429360,049979470
008430810,050042640
008431030,047138360
008431530,049982830
008431750,049982250
008431940,047967780
008433810,049860190
008436940,049981580
008437440,047455920
008437670,049981780
008438440,049662360
008439330,050840310
008439810,050043440
008440280,047895360
008441810,050139750
008442250,050139610
008444030,047085640
008445280,049947610
008446220,049662470
008447420,050243500
008448060,047402250
008448190,049858190
008448640,047301250
008448860,050267000
008449390,049664110
008449420,049661330
008450060,048029970
008450280,047179640
008450330,048057140
008452310,050149250
008452470,049650500
008452890,049986920
008452920,049987000
008453310,047141330
008453860,047140970
008454560,049953110
008455080,049605670
008455670,047184920
008456190,047184530
008456330,049951610
008456360,049001940
008456500,051526190
008456530,050281530
008456970,049646060
008456970,050186940
008457310,050265780
008457500,049906940
008457530,049604110
008457810,050391110
008457860,049482080
008458330,047207780
008460110,047209640
008460220,050172030
008460330,049495530
008460860,049500000
008461110,049593060
008461190,049593330
008461280,050912560
008461640,049603610
008461690,049490360
008462110,049600220
008462170,049605330
008462940,051969390
008463190,053436140
008464310,050191080
008464920,049644280
008465470,049644420
008466440,051980810
008467670,049799390
008467720,048897060
008469830,049642470
008470390,049642720
008471920,049460500
008472330,048028810
008472360,047393890
008472670,047984080
008472860,049715330
008473280,047983580
008474280,048899310
008474420,048032250
008475080,050177360
008475750,049339420
008475890,049339610
008476560,048077640
008477420,047198830
008477750,048079750
008479440,049767390
008480000,049645780
008480030,049629220
008480190,049898440
008480250,049880860
008481280,047373580
008481440,049918560
008481720,051248780
008481860,050928750
008481890,049720190
008482170,047956750
008482690,049931110
008482970,049874750
008486580,049529690
008486920,049899580
008487920,049587860
008488670,050301940
008489220,047425860
008489420,050302390
008489500,047367560
008489970,049735030
008490310,049587750
008490420,049733220
008490440,051348470
008490530,047406890
008490670,047376890
008490810,047949560
008491110,047388560
008491560,047427170
008491640,047427000
008491940,047964110
008492220,049532690
008492330,049829810
008492360,047391640
008492390,047197500
008495940,049476310
008497080,047422360
008498670,047368560
008498750,048212890
008499670,048905920
008499970,047387560
008500000,050567810
008500580,049753690
008501530,047398140
008503110,047957640
008503220,047957640
008503360,048863000
008503530,050171470
008504030,051980330
008504220,047377530
008504280,053437560
008504610,049467170
008504720,050288140
008505060,050921610
008505530,048920030
008505920,050550970
008506280,049816890
008506390,050297860
008507690,050921750
008508360,047358530
008508640,048864720
008509080,047417860
008509920,048870470
008510440,048864140
008511780,047252890
008512170,047383810
008512610,052010750
008512860,052011110
008512940,048916140
008513860,047412030
008515220,049600920
008516860,050541190
008518330,047376810
008519280,047335110
008519440,049601250
008519440,047368890
008521060,050181970
008521440,048024310
008521610,050081280
008522420,047304720
008522750,049473330
008522830,047053420
008523030,050310640
008523110,050310860
008523190,049474690
008524500,047392280
008524530,050134560
008524970,047393830
008525330,050090970
008526830,047052080
008526830,047051860
008527220,048910140
008528890,047396610
008528890,047368690
008529390,048910860
008529500,047387690
008529580,047408560
008529860,049106330
008529920,048939560
008529970,047334780
008530140,047192470
008530140,047396860
008530330,047371080
008530440,047192060
008531080,047410780
008531420,050137830
008531690,049008690
008531860,047413310
008532190,047397390
008532280,049009440
008532440,047397810
008532690,050092000
008532970,047413220
008533140,047394470
008533140,047385500
008533330,052032190
008533670,047369640
008533830,050114890
008534060,050114670
008534560,052032000
008534580,048947250
008534830,047386920
008534890,047392470
008535360,050094890
008535390,049481580
008536000,047191060
008536690,047398280
008536860,048281080
008537190,049677890
008537310,049677780
008537670,047339940
008539690,047450470
008540000,052030220
008540060,047395390
008540530,049495170
008540560,052030310
008540690,047366190
008540690,047366470
008542080,052030360
008542420,050083250
008542560,047378720
008542940,049925720
008543000,049665140
008543030,049664860
008543750,048066440
008546000,050883030
008546110,047046170
008546170,050882890
008546220,049493190
008546610,050284470
008546890,050284310
008548780,047400780
008549000,047370030
008549750,047358780
008550060,047405690
008550560,047372670
008550720,047942190
008551030,049082360
008551530,049980000
008551580,047364030
008551780,049980080
008552140,047401890
008554420,052392190
008556580,047375920
008556780,047403670
008557310,047405030
008558000,049537000
008558280,049466310
008558280,049084860
008558640,049327280
008558810,049649970
008558830,049649360
008559610,047405170
008559640,051155220
008560780,047404940
008561750,047161780
008562690,049658440
008563500,052128670
008564610,052062830
008564750,047365190
008565420,047366110
008566060,049974670
008566080,050169670
008566220,049807560
008566640,049654440
008566780,047403750
008568220,049642810
008568420,050296920
008568690,051760920
008568720,050267750
008568860,049640690
008568860,049816250
008569440,047180750
008569890,049380610
008570250,049971940
008570360,048775310
008570360,050266280
008570780,050163970
008571110,047533610
008571890,051587640
008573560,049707640
008573560,052053190
008573580,052053190
008573610,049638920
008573890,047199440
008574470,052041810
008574500,049694890
008574750,047410000
008574860,047426190
008574940,049649310
008575000,049649330
008575060,049153640
008575080,049981810
008575080,049981640
008575720,051762940
008577140,047409420
008578170,050012580
008578780,050012470
008578810,048372000
008579110,052135280
008580140,049388580
008581030,051956030
008582310,047358970
008582310,047408110
008582360,049531720
008583190,048147140
008583470,048799190
008583670,049148890
008584170,049598500
008585690,049598420
008587060,048766330
008587500,049999170
008587860,049999310
008588030,052609060
008588830,051681310
008589030,047406330
008589750,050555360
008590110,049078860
008590530,049802440
008591640,049544030
008591640,049807640
008591640,051679810
008592280,046681940
008592440,049154810
008593080,047397810
008595440,046892280
008596940,053574670
008597720,048245780
008598560,049861140
008600250,048115440
008600690,048841470
008602890,047400280
008603190,047678170
008604140,050051280
008604170,051762780
008606670,051932420
008606940,051762690
008607330,050219830
008607610,049726110
008607750,052041140
008609360,049681220
008609830,052040720
008610080,051997390
008610170,047815830
008610360,049750940
008610500,049681110
008610530,049751940
008611080,051914830
008612170,050591940
008612970,049727000
008613060,049894670
008613720,050034250
008613810,050034140
008614440,047684110
008614750,048960110
008615110,047684970
008615220,053582250
008615420,049815280
008615580,051978190
008617640,049814890
008618220,052294470
008618360,047691830
008618580,052456530
008619810,049756440
008620530,047685080
008621670,046950860
008621920,046950220
008622170,049691310
008622190,049692030
008623810,052055470
008623830,048361110
008624440,052055440
008625310,047692440
008626920,047693060
008628640,047417810
008629560,047693580
008630080,049815360
008630280,049815610
008630670,051461000
008633830,047682060
008634530,050579640
008635670,052265440
008636610,050587830
008637500,047707310
008638500,050584890
008639780,049312970
008639830,052213860
008641470,047701920
008641920,050223170
008644060,049687940
008644420,046747720
008644470,049688500
008645330,052064500
008647750,049086940
008648670,049556860
008649170,052130500
008650440,052348440
008651440,052203470
008651780,047719940
008652420,049411640
008652580,049714000
008653670,047698970
008654030,050144250
008654440,047690190
008655750,048904000
008656030,047232750
008656060,048903970
008656670,047382530
008656750,052058500
008656940,047268060
008657110,050110940
008657280,050110860
008658220,047008750
008658360,047885640
008659440,049695580
008660640,049695610
008660830,048431890
008660920,047887000
008661720,052057580
008664030,048901080
008665830,049987110
008666780,051753640
008666890,049986670
008667860,046771940
008667940,050845390
008668500,052132190
008671330,048391170
008671830,050223920
008672080,047387330
008672190,048899000
008672470,049397190
008674560,048588390
008675920,047105560
008676470,048542310
008679140,049988190
008679470,048581000
008681750,050221580
008682500,047515310
008685530,050227420
008686000,049391330
008687220,049984360
008687580,049375420
008688890,050268830
008689000,046510690
008689310,049357080
008690580,047207310
008691190,050098830
008691670,047514690
008692940,047371470
008693390,049343030
008694140,047513310
008695000,049406890
008697110,050113390
008697720,048196360
008698060,050113110
008698330,048725030
008699390,049300110
008699560,050860060
008699920,048197390
008700530,052121640
008701060,049408420
008701250,052750060
008702220,049290310
008702890,047484110
008702890,047488920
008702920,047476690
008703110,050043330
008703530,050099720
008704220,050926970
008704860,050269720
008705060,052226500
008705110,050922970
008705330,052147110
008705360,050940060
008705720,047493060
008705780,048149810
008705920,052051310
008706670,050943080
008708750,047934670
008709080,050863640
008709310,050863720
008710110,050297220
008711390,050099170
008711440,050052390
008711440,047507310
008711940,052837470
008712440,050298440
008712500,048462920
008712500,050052190
008712530,047370640
008712830,052949860
008714500,048391170
008714940,050956190
008715690,048467470
008715860,049297780
008715920,047150420
008716330,049300080
008716440,052349080
008718060,048814140
008718280,047418690
008718420,047418190
008718720,050329170
008718920,050962860
008719060,048069250
008719080,048069280
008719420,048532940
008720000,048491920
008720030,050196140
008721470,047308610
008722310,050241720
008724310,047935560
008724890,047509890
008725530,050166110
008725750,048561420
008726280,050906280
008726670,048715670
008728470,048738610
008728940,048967140
008729360,048694080
008730560,047502500
008731140,048770280
008731250,048741940
008732220,050902970
008732330,048716110
008732810,050981890
008733170,052158920
008735610,050172750
008736690,048740280
008738330,053468830
008739720,048716080
008739750,047498250
008740440,048477390
008741670,047345780
008741920,050230830
008742810,049647690
008743830,050862860
008745190,053053140
008745780,050084500
008746640,050328030
008747110,050891940
008747640,046199080
008749000,050091970
008749140,052175310
008750280,050112250
008750610,050463810
008751220,052200140
008751920,049347810
008752080,048478970
008752750,050253530
008754500,048208610
008754720,048208810
008756190,049616220
008756420,049616360
008756970,050208920
008757330,049339640
008757500,047506310
008758440,047521920
008758810,050786890
008758830,047465250
008758890,048211640
008759440,049628890
008759530,049628890
008759690,048212060
008760000,047510360
008761420,047483030
008762000,047204390
008763110,052187720
008763280,047884330
008765220,049587690
008767360,049586580
008768000,048710830
008768250,050873030
008768610,049999030
008768810,050823390
008769470,047335470
008770310,048697360
008771170,053061670
008772330,050000940
008772780,050019860
008772810,050000670
008773390,048023330
008773420,050241780
008773640,050876080
008773940,050083830
008774720,050090440
008774720,052206690
008775110,050017000
008775440,050005970
008776610,048919330
008776970,048037860
008777190,048919670
008778720,050219420
008778720,050014170
008778810,050812440
008778970,050812470
008779890,050105220
008780140,051703170
008780420,050017920
008780780,050017690
008781360,049247440
008781640,047254000
008783500,050047920
008783830,050192830
008784860,053122030
008785530,050027390
008785690,050348030
008785780,050027690
008786940,052380810
008787140,052048330
008788220,050032280
008788330,049974420
008788690,049544000
008788750,049543970
008789390,046167780
008789500,053057360
008790640,050084780
008791560,047306940
008793170,049966720
008793360,050053140
008793580,050096060
008793780,048728280
008794420,048728330
008796030,047498420
008796390,050283030
008798330,049976220
008800610,046170330
008800640,046170190
008800750,050326830
008800780,049969140
008802280,050277670
008802940,050137060
008804750,051019530
008804810,047988670
008806530,050156110
008806690,047988220
008807190,048448560
008812330,051030610
008812440,047981860
008812470,052211390
008812720,047981030
008818220,049999030
008818310,050119970
008818360,047286830
008818720,047227110
008819170,049979810
008821720,049297860
008822000,047238330
008822690,052226000
008824360,049295190
008825610,049983330
008826440,050211470
008828110,049243440
008829250,052131610
008829780,051678000
008832250,051719690
008832500,050882030
008833030,048625750
008833140,048235390
008833170,048235390
008833170,050882140
008833500,047726030
008833640,047756560
008833640,051676690
008834000,047300640
008834500,051720140
008835830,048621310
008836390,048255030
008836470,048255060
008836890,050252610
008836970,050256670
008837420,050219080
008838750,048611310
008839140,046142670
008839640,048580580
008840580,053041000
008841060,049274580
008841420,047974330
008841860,049658280
008842110,048615030
008842920,048728920
008844280,047976280
008844640,048300190
008844780,050137580
008845640,049988190
008845860,048609890
008846640,053081170
008847890,048491420
008848330,048595560
008851720,048449000
008852280,050169750
008852420,048238030
008852530,050046310
008852610,048238280
008854000,050120420
008854560,050045810
008854860,050164030
008855060,052187610
008855750,050000580
008856830,048607500
008857280,050075860
008858640,048453110
008858750,050235080
008858860,047229580
008859250,050893720
008859830,048605190
008860030,050074220
008861360,050122720
008862250,050087780
008862330,050240940
008862360,052167140
008864330,048269810
008865170,048269720
008868690,050016030
008869310,050147220
008870780,050016170
008872690,048507580
008872720,050041890
008872890,048600970
008872890,050228470
008872920,052998310
008873080,049213970
008875190,047182390
008875810,048592780
008877190,048247530
008877500,048247390
008878580,050221310
008878940,050219610
008879030,053060920
008882560,050435860
008883190,047564890
008883500,047565060
008883530,048405530
008884110,050437720
008884780,050127810
008886000,048597830
008888530,050050810
008889110,045983860
008889530,049875470
008889830,053082500
008890000,050175250
008891690,050021640
008891830,048413560
008893640,051184830
008893920,053423670
008894330,051185440
008894920,050179170
008896470,049835920
008897610,050123640
008902500,050543170
008903060,048247110
008903190,050225530
008903420,046008360
008904220,051493330
008905890,050104060
008908750,050149360
008909390,050228940
008910250,050226530
008910390,047223970
008911250,050197000
008911610,049236310
008912440,048953310
008912560,048953140
008914890,050100580
008915390,050521080
008916440,047533560
008919310,049219220
008919390,048449750
008919720,048447190
008920190,048418030
008921000,048253310
008921690,050551110
008922140,050182860
008922280,047803530
008923220,045991360
008926690,052275780
008927170,050173330
008927690,050187970
008929190,050055000
008929310,050180640
008930170,050073500
008931860,050194890
008932170,051860860
008933440,047752750
008933500,050267250
008935640,048484470
008936110,051884720
008937110,046025830
008937440,050055250
008937470,051882920
008938420,052975140
008939110,050284830
008939580,050086140
008939580,050619220
008940530,049894940
008940920,049717000
008941030,049872500
008943330,046006110
008944580,046174280
008945330,046036780
008945440,046037220
008945690,046006890
008948080,051738860
008948170,050078670
008949670,050287110
008953970,049966970
008954030,049966890
008954110,053384060
008955280,051739690
008957500,048694170
008957780,050546860
008958060,050119970
008959440,046011250
008959810,046007780
008959970,047746500
008961530,047739110
008962280,048557140
008962780,050039940
008963610,052269890
008963750,047815280
008964190,046024530
008964500,046017280
008965440,049525470
008965860,048506220
008965940,049527390
008966310,052277390
008966500,048531420
008966640,048531280
008966830,050592330
008967250,050592280
008968530,048501000
008969420,048474970
008970440,050083750
008971500,045911560
008971920,045933440
008972220,047737810
008972810,047739560
008973890,050152780
008975330,048527280
008975780,047789390
008976000,052914750
008976220,048476220
008977500,050431560
008977530,046415830
008980080,048850360
008981280,050545000
008982470,050174060
008982670,050174250
008985610,052368140
008985890,048524830
008986420,048851940
008986440,050083860
008986560,050037830
008988140,051068170
008988670,049592500
008989580,050155560
008989640,049594530
008990470,050039890
008991170,050021390
008991190,050077280
008991560,050010000
008991830,046171610
008994280,048501610
008994580,047462640
008996560,053439640
008997170,048483330
008997560,048483310
008997780,048672420
008998080,048389280
008998110,047774190
008998640,051986940
008999780,049068500
009001810,047743530
009002170,047764610
009003750,048501830
009004610,047862080
009004830,048678030
009005250,048678170
009005280,048691060
009007170,047767030
009009690,048692000
009009780,048489830
009011190,048672060
009013080,050425580
009015750,048779690
009017140,051719860
009018250,048997610
009018750,047857140
009021080,050025860
009021530,050292890
009022360,050026360
009023440,050255220
009023530,050921860
009024500,050255330
009025810,048863580
009025860,053352530
009025860,047462250
009029470,052256720
009029780,047773170
009031470,048412420
009031810,048255280
009032420,047516610
009032440,047542890
009033470,053399000
009033720,050176560
009034500,050340780
009035420,050340940
009036690,048404060
009037580,050180970
009039360,048419940
009041080,050182560
009043470,048510610
009048030,048499220
009048060,053483920
009050250,050324420
009050810,048499940
009052280,050176970
009054720,052430170
009055170,050457640
009055940,048801470
009056140,049006110
009059580,048819920
009060140,048828670
009060940,051276190
009061080,051276330
009061750,047856580
009061780,052238970
009061890,053060440
009062560,049010720
009062670,048560830
009063110,053515720
009064140,048791810
009064360,048307690
009066000,048304720
009067360,048511110
009067420,048876830
009067440,050952330
009067610,048425670
009072750,048832560
009072750,048436560
009073190,048902030
009073560,048957860
009074530,048820330
009075640,052236970
009077970,051835220
009078500,048512030
009078530,048512110
009078780,048944580
009078780,048944610
009078830,049089610
009081560,051843390
009083000,048451440
009084720,046231530
009085670,048899280
009086080,048946780
009086330,048946920
009086470,051896580
009086750,048901220
009089280,048850440
009091080,048464080
009092080,051883440
009092890,048898860
009094640,052104810
009096500,048963000
009098170,050963420
009098860,048852310
009101940,048415170
009102170,048415170
009102220,049040250
009102890,048476690
009103060,052207780
009104940,052085390
009104970,048739310
009105390,048488030
009106280,047469330
009106640,047277250
009107030,048940170
009107080,048940110
009107140,048940360
009107780,049186110
009108470,048943220
009108500,048943220
009108750,048609720
009109140,048740080
009109170,048379890
009109500,048946110
009110780,048417610
009112890,051489030
009113750,048704720
009116310,052214580
009119780,048889470
009119970,048889420
009120690,053707250
009121080,049040720
009126110,048848890
009126390,048848720
009127500,048906000
009130000,048708890
009130000,049318560
009131890,048957170
009134110,048830440
009134580,048451470
009135030,051629250
009136640,048888030
009136920,051988530
009137500,048479500
009137920,049043220
009138610,048765610
009138640,048696890
009139060,052360720
009140500,048443830
009141250,049112190
009142000,050994280
009142080,048527860
009142500,048969640
009143190,048903250
009143310,048972830
009143890,048482500
009143920,049046940
009144360,048771140
009144810,049038140
009146220,049291500
009148080,048767420
009148140,048483530
009148140,048440330
009148610,049192780
009149860,047445810
009150640,049227720
009151470,047782220
009152060,052288810
009152420,048904830
009153080,048526860
009153610,048791810
009153750,051002060
009154190,049004780
009154720,048513610
009156690,047771190
009159610,052290690
009159940,047773030
009160940,048428500
009161580,048469390
009162830,048470310
009163030,049247860
009166190,052292830
009166310,049377030
009167310,048681940
009168470,048828330
009168690,048828330
009169280,049122360
009169810,047609140
009169830,047608780
009170080,048840610
009170110,051698920
009170780,047601580
009171890,048501890
009171920,048521940
009175580,047761310
009175720,052981110
009176890,048756670
009177970,048665810
009178560,048757080
009178720,048530000
009179110,051700670
009179470,049164060
009180330,048672440
009180860,048958780
009181470,048584470
009181470,048759970
009181830,048759390
009182330,052300560
009182560,049140690
009182720,049231330
009183500,052301500
009184330,048885140
009185030,047646420
009185140,048806610
009185390,046521280
009185560,048541500
009185810,048532780
009186110,048869860
009186360,048780860
009186610,046523970
009186690,048781390
009186970,048782080
009188140,048587420
009188280,048504280
009189190,051294640
009190060,051294920
009190610,049078140
009193440,047640390
009194080,048854000
009194810,047641580
009195310,049234390
009195860,048791560
009197360,047752860
009198250,048793110
009198440,048925810
009199170,048902560
009199530,048905580
009201560,048550030
009201830,048889420
009201830,047906830
009202640,048536500
009202780,048912030
009202810,048866940
009203420,048935190
009204830,048903060
009204920,048491080
009205000,048491250
009205030,048816250
009205420,048889440
009205720,048547220
009206330,048534080
009208220,048889360
009208220,048889330
009208470,048693000
009208720,048939610
009209030,048959640
009210690,047240140
009211310,050917780
009211610,053012610
009212030,048903970
009212750,052833810
009213690,048905310
009213780,048492890
009214470,049232750
009214470,049099140
009214890,048825970
009215080,048590670
009216530,048495000
009217500,049124170
009219530,048501500
009220440,048492580
009220690,048494110
009220690,048490530
009220830,052888390
009222190,048513360
009222560,049124580
009222810,048823780
009223280,048513940
009223500,048887560
009223530,048823610
009224720,049156610
009225140,048593280
009225310,048563940
009225440,049167940
009226720,053353690
009226830,048820280
009228030,048524720
009229860,048680170
009230000,049163110
009231330,048541000
009231920,048724030
009232420,048671030
009232610,048671170
009234110,051936310
009234580,051275560
009234610,051275440
009234640,051937110
009236750,048948140
009237390,048807110
009237580,048948000
009237610,052230250
009239360,048560110
009241720,048560780
009241970,052352060
009242190,048679470
009242750,047930860
009243580,048732810
009244280,048587080
009244940,051448530
009246690,049055280
009248670,051446420
009249110,053824330
009249720,048771080
009249780,048441810
009249810,048771170
009249860,047626780
009250530,051573610
009251170,053532560
009251310,051572030
009252920,048424140
009253640,048706440
009253890,048736420
009255580,048724560
009257080,051228250
009257470,048759970
009258280,048709690
009258390,051228560
009260280,048574690
009264390,047743170
009265560,048705530
009267500,048937220
009267890,048743610
009267920,048943060
009267920,048743420
009268530,048570500
009269220,048614720
009269720,048574610
009270310,052335190
009271060,053118610
009271360,048627360
009271720,048709470
009271830,052335440
009271890,048709390
009274330,048870030
009274610,048869420
009275170,053013330
009279360,053259110
009281140,051286440
009281390,051286440
009281830,047373220
009282420,048888190
009283310,048675000
009285420,048962810
009286220,047961530
009286330,047765220
009286560,048659720
009289080,048715030
009296080,049622560
009297470,048852330
009298610,048650360
009299060,049003720
009299250,049004030
009299970,053275030
009300560,048717500
009302000,048736310
009302360,048384690
009302420,048736360
009302640,048831080
009303640,048821190
009305390,052399860
009305670,048705580
009305890,048705420
009306000,048705610
009309000,048835190
009310190,047542330
009313970,048839000
009315190,048816940
009315330,048885190
009316420,048816970
009317580,048868690
009317810,047676690
009319330,048726440
009319390,048845280
009319970,048727610
009321170,049740580
009321890,048692390
009322030,047675690
009322530,053542830
009323970,048852030
009326080,053752420
009329920,048544470
009330780,048640690
009333690,048578610
009337310,050236830
009339280,050230560
009340330,048733280
009340470,047701140
009344190,051062060
009344830,052411750
009344970,050989720
009345970,050991030
009347250,049178690
009348330,051342470
009352420,048823720
009352780,048592220
009353080,050675920
009356390,050673080
009358720,050218330
009358860,048682810
009366030,047571000
009367170,048399690
009367220,047529440
009367440,053089500
009368940,053463670
009369470,047419030
009370920,047565500
009370940,048668080
009371720,048399810
009372060,047198810
009372440,048761220
009373060,048576560
009373500,047426580
009375420,053298140
009376560,047388190
009379690,053594330
009381080,047430030
009381920,052368940
009383560,048760170
009384860,048760190
009385110,047434750
009385250,051272720
009385440,051272690
009387080,047538360
009387810,048669610
009388060,048564720
009388750,050616170
009389280,048748810
009389440,052338470
009389690,052419440
009391110,048776780
009394310,047442220
009399560,047690280
009399780,047532690
009403060,047529780
009405110,047436830
009405310,047669970
009409250,047670060
009409250,047670140
009410640,048817470
009411140,048661440
009413610,048644080
009414330,048693560
009416250,052422080
009416640,047669360
009416690,047669310
009416720,048821080
009417250,048654280
009421110,047509250
009421390,052428390
009421420,052441890
009423920,048815170
009425310,047518940
009427000,047506940
009429330,048717190
009430720,048671390
009431220,048670280
009431470,048555440
009431640,051829670
009433670,047512250
009435750,051211890
009436140,049605720
009437280,047503940
009438500,053289750
009439920,050631470
009443580,047357470
009448360,048809220
009450140,048757580
009452500,048582220
009452810,048022000
009454140,048674250
009454690,047657500
009455280,051983750
009455390,047657310
009456080,048445530
009456530,053093110
009457560,048713280
009457940,052388250
009458060,047497060
009458310,048668190
009458750,048690940
009459080,047656670
009459330,052434250
009459640,048638030
009460000,047983560
009461360,048650440
009461580,048694500
009463080,048654580
009464170,048714720
009464420,048641940
009464580,048788810
009467810,052424030
009468330,047656670
009470110,048693060
009470940,053547220
009473360,047657750
009473890,048064780
009476440,048545830
009477030,050607390
009478920,048737560
009479420,049610220
009481250,047818470
009481970,048615610
009485500,048753580
009490860,048638060
009492750,048009500
009493060,048637170
009493110,051259580
009495780,051225890
009495890,051225310
009500110,048690310
009500530,053270440
009504110,051260690
009508890,047969060
009518500,053603470
009523610,051094640
009526220,048671310
009526280,048708140
009527390,051129970
009527780,047448030
009531530,048613750
009532080,048648030
009533170,051275500
009533280,047375830
009534330,053201970
009534830,052461440
009536940,047759360
009537170,053000280
009541330,048708310
009541500,047482830
009547750,051267920
009549860,047453440
009551140,048709690
009554080,050851860
009554330,051277750
009555080,051326110
009556030,047668920
009556310,050851390
009558280,051322470
009558670,051322470
009560750,047374420
009561640,051256310
009561970,052440940
009563470,048006830
009563890,048690000
009565060,050416170
009565110,047701810
009565420,052448670
009568810,048696390
009570190,053507330
009572970,047258030
009573310,048003940
009574110,050425440
009575940,048704470
009577250,047237560
009578390,051312580
009578860,047236640
009580000,048713420
009581420,047227080
009581830,047473110
009582920,047231110
009583080,047220750
009585780,051309390
009587720,047260080
009588690,047247280
009588830,047233190
009589080,047257280
009589360,047245030
009590580,048721670
009590970,047731750
009591030,047279330
009591720,047241000
009593780,047252690
009594560,052411080
009595280,047259310
009596190,047264170
009596860,051899720
009597940,047330500
009598030,047257310
009598060,050804190
009598470,047321250
009599110,047260280
009600310,047262780
009601440,047711360
009601670,047852500
009602360,053388970
009602470,051962030
009603190,047269280
009604970,047262610
009606030,047314780
009607330,047274110
009607780,050540310
009608060,047277140
009609860,048637720
009611170,048647470
009611190,047261580
009611390,047261470
009611580,047312470
009612920,048633580
009613060,047352970
009613440,050803920
009613970,047269470
009614670,048664110
009614670,048663890
009615030,047263030
009615440,051373720
009616110,047257720
009616360,047311890
009616720,048669610
009616860,047258810
009617670,048705030
009618530,047224580
009621220,047266750
009621830,047791170
009622140,047764920
009622640,047409610
009622890,048638970
009624670,047263310
009625330,047339330
009625750,047272060
009625970,047268640
009628250,048689220
009628440,047276310
009629250,047272780
009630720,047275640
009630970,047326640
009631170,047333940
009632500,047352970
009632810,047270810
009633890,047277690
009634940,048567110
009636030,047334940
009636720,047272720
009637220,047283330
009638080,047334170
009639190,048789110
009639250,047275470
009639580,047336750
009639610,048660500
009639750,047337360
009639810,047279530
009639970,047341110
009640060,053448360
009641670,051275330
009642250,048726140
009642610,047276500
009642640,048642810
009643190,047275330
009643310,047305220
009643670,047340360
009643890,047663000
009644000,047281110
009644970,047276470
009645190,047263170
009645280,050471670
009646000,047341720
009646110,047293440
009646530,047269920
009647530,047280110
009647750,047359470
009647780,050472920
009649170,047349860
009649560,048656780
009650280,047273060
009650440,048637330
009651670,047299920
009652780,047279310
009653140,048657530
009654060,047333580
009655360,048553250
009658780,047424860
009660250,047285170
009661670,047353610
009661720,052314690
009661860,047282560
009662440,047438720
009662500,050565890
009662830,047284250
009663330,047335640
009663610,050566250
009663940,047286940
009664670,048746140
009664750,051270310
009665470,051119310
009666080,047356080
009666220,047414000
009666390,048725190
009667690,047278250
009668470,048685580
009669280,052415580
009669720,047446140
009670220,047361250
009673080,047369330
009673470,047364580
009673920,051265060
009677470,051239500
009677560,053268170
009679360,053269220
009680560,048580750
009681110,048757640
009681890,053707670
009681920,050560750
009682690,048554310
009683830,048688280
009684060,047370440
009685280,050658330
009686190,050563030
009688530,050565250
009688560,050565060
009689890,048763110
009691000,053791530
009691440,047371170
009691940,050561670
009692560,047200060
009692580,050559920
009692810,053436940
009693280,047360360
009693640,047500030
009694720,048531080
009695030,050552470
009697830,052376690
009702190,050469140
009703920,048648190
009704440,050552220
009706580,048584670
009707720,051402110
009708390,050552970
009708470,050465640
009709750,052387390
009714670,048252780
009715940,048280000
009719310,050381220
009719610,047398690
009721670,052327390
009722060,048743330
009725690,050701920
009726220,048920000
009727170,050701140
009727610,049406580
009729420,047407110
009729940,047405360
009730530,050623920
009730560,050624310
009731310,050410330
009731810,048691920
009732750,050412780
009733060,050815360
009733390,047422390
009733720,048706250
009735560,047424440
009736110,047396140
009737220,053788110
009738860,047196420
009742530,047540220
009742610,052297690
009742690,052297610
009743110,048936110
009743250,048689440
009745640,048730780
009746110,050898920
009747530,047403530
009749170,048679420
009750060,052062890
009750690,049444440
009751580,050691720
009751690,047528330
009752220,047534390
009752330,049511030
009752470,048810140
009752500,050687440
009753390,047425610
009753470,047416190
009754670,048509000
009755170,050922030
009756330,047424000
009757080,053447310
009757220,047435920
009758580,048674470
009758670,047437610
009759170,048585310
009759190,052348500
009761140,053546080
009761940,050661220
009762140,050993000
009762360,048279060
009768140,050679360
009769000,050679560
009769420,052365860
009770250,048097190
009770530,047668330
009772690,051257720
009773330,049470390
009773610,048100030
009777830,051247750
009780720,053538140
009781780,048091970
009781940,048105000
009781940,052424750
009784330,051878060
009787580,052390690
009788970,048821280
009789690,053320220
009790030,053320250
009791000,052010860
009791500,048855390
009793580,048820250
009793640,050454690
009794330,050454500
009794780,048828330
009795280,048094440
009796060,047444110
009797720,048642500
009800060,050578970
009801580,053783610
009802280,053465000
009802610,053465110
009803390,053377670
009803640,053376250
009804780,048797830
009805970,048587720
009808190,052375580
009808220,051967720
009809690,050538560
009809890,050538440
009810530,047161280
009812310,052145920
009812360,052146000
009813330,048766720
009814720,052155080
009817030,050699190
009817250,048684780
009818030,048617470
009818640,050699690
009819610,047451420
009819810,048714560
009821360,047153500
009821580,047680610
009822690,048627470
009822810,048617310
009822860,047155920
009823030,047699310
009823420,048834750
009824940,047145670
009826000,048514860
009826220,051251250
009826360,051251390
009826970,047155610
009827440,050590360
009828420,049405690
009830080,053703060
009830190,047149860
009830250,053575220
009831250,049403580
009831720,047157310
009835220,048510530
009835640,053601500
009835810,053601250
009836500,050592420
009841330,048847060
009841530,048787110
009844060,052564420
009847560,050452780
009848080,051295190
009850030,053651670
009850080,047131810
009850940,051911470
009855110,052566780
009858330,051907190
009860250,048811830
009861250,048654440
009861640,048429420
009864640,051521830
009866000,047110810
009866690,048635560
009867970,052242560
009868140,052242560
009869670,053471690
009872030,053571110
009872060,051350280
009873080,048847970
009873720,048413000
009874060,048579890
009875970,053772720
009876560,048639690
009876920,052279830
009879030,048850830
009879810,051323390
009881670,048848690
009883060,048860420
009885860,048320470
009888640,053871390
009888780,048849000
009890030,047348030
009890250,047784190
009890640,052636610
009890970,048849830
009891310,048444110
009891360,048552670
009893060,048417470
009893420,047411610
009894110,048916640
009899310,053382190
009910720,048637000
009910890,050451750
009911470,050451640
009911830,048611940
009913190,048874720
009914670,047448670
009915500,048581170
009916920,048583670
009918030,048465280
009920060,050447560
009923170,048463250
009923610,048794560
009931890,051749280
009935310,052792580
009937440,052795500
009938110,048797470
009939080,048794530
009941580,052137690
009941640,052137750
009944170,048386940
009944220,048386940
009947250,048503140
009949330,053558750
009950220,050854890
009952170,052174030
009953030,053561750
009956250,050851670
009956360,053611250
009958030,053560640
009958830,047029610
009959470,053470000
009960750,051763000
009961610,051506720
009962170,048818360
009964830,048817530
009966360,048400470
009966830,052182940
009967780,048822420
009969970,053598810
009971280,048289670
009975810,048797190
009977220,048399170
009977580,048400110
009977670,052746000
009977920,048386940
009978030,047323170
009978250,048395640
009979390,048401970
009980750,053423500
009981310,048671390
009982000,047323000
009982190,048751500
009982970,048392250
009985220,053649390
009989330,048408640
009992280,048386420
009994060,048338110
009994190,048386860
009994250,048384140
009995440,048550220
009996580,053602080
009999420,048340720
009999530,048340530
010000530,048332530
010000750,048555110
010001420,047008690
010001830,053661830
010004920,051555330
010005860,048265750
010006310,048265810
010007500,047124830
010011890,053599720
010015060,048307500
010015250,053600220
010015440,050973440
010020360,048321110
010021170,052247190
010024640,048868330
010024810,053530310
010025140,049020860
010028250,048815000
010039310,048268170
010040220,048844920
010042030,050951890
010051360,051488920
010057060,048481750
010057080,048693310
010058060,048873890
010059640,048848890
010061060,048482190
010063750,052606530
010064440,047129940
010064750,048835360
010064890,053550310
010067000,048835030
010067250,048834750
010068190,048863110
010068258,052552830
010070080,048864190
010070500,048827690
010070670,048827690
010070940,048827860
010072190,053570360
010073080,048863360
010080440,048838560
010084830,053624610
010085890,047679470
010087530,048832030
010088670,048832860
010098250,048895280
010100610,048889110
010100940,048829280
010104500,048861110
010108940,048868530
010109000,048744920
010109670,054313750
010110530,048494310
010110970,048839330
010111440,048829220
010114690,048843860
010116750,048488220
010118720,047130140
010123640,048738860
010124060,048504190
010129440,053918640
010130030,054303190
010131060,054360220
010133390,051866610
010138720,053227920
010143190,052676310
010143220,052676280
010153580,048638690
010154220,047127390
010161560,053516310
010168390,054315310
010169970,052306610
010176190,053111690
010176250,053111720
010177310,048567080
010181890,048804470
010183610,047126940
010183830,052106500
010186030,048803860
010186530,052356420
010191970,051829060
010192420,053495530
010202810,054331420
010205780,048589220
010209440,052592530
010210970,051609640
010211110,051610030
010215670,051754670
010218860,048856000
010223390,048859860
010226440,048614830
010238030,048626920
010251000,048697390
010255280,053870190
010255360,048594170
010264920,048737250
010267560,047128860
010270860,053417920
010271060,051627390
010271080,051627440
010279250,048628330
010281750,052481330
010288860,052851810
010294220,048566610
010296440,052398310
010308530,052453330
010310500,052451220
010310610,053336640
010313810,047141530
010319860,048929080
010325250,048928470
010326420,052338470
010333470,051659580
010333720,051659030
010333830,051210360
010340750,052185780
010343170,051650970
010344140,048869440
010348000,051209920
010352390,051209080
010354420,052046080
010355360,052045640
010365830,051208780
010367000,048942060
010372420,051208580
010381030,052377720
010388280,052967920
010396110,052967670
010406220,048843000
010406530,053058470
010408280,048888810
010410000,048888330
010410170,052346560
010412530,053274280
010415280,051920280
010416060,052477610
010417690,051615750
010423440,052257500
010429940,052449280
010434530,051609500
010436330,053319140
010436530,053319470
010442500,053263610
010456670,052478750
010459170,052328310
010467720,047085080
010468750,052637190
010473000,052687420
010475420,052434720
010480170,051592060
010482470,052374390
010484060,052607970
010484170,052607830
010485190,053138470
010485670,051590580
010486720,052832750
010489220,052995310
010489250,052995310
010522940,052573000
010523330,047137310
010524940,053094780
010524940,052466360
010526390,052369310
010526440,052402220
010529530,047138310
010530580,051842860
010534360,052421970
010535690,052349810
010535970,046969720
010538060,053046970
010538080,053047220
010541940,047141280
010549330,051908890
010549610,051760440
010553830,051910440
010558500,051888190
010559440,051869330
010562530,053074110
010563940,047153750
010572780,052442080
010575170,052485470
010583750,052435360
010583860,052435330
010585170,047308030
010587190,047492280
010607360,047017000
010609220,052497890
010615000,051713500
010616000,052920580
010618780,052918780
010621390,051713830
010628170,052956970
010631330,052957170
010640940,047443470
010648610,052124060
010648750,051059720
010657500,051048190
010659220,050620060
010666310,050627830
010666500,050627580
010670030,051033500
010671220,052309060
010675330,052470580
010679470,053882640
010683220,050639030
010684560,053851080
010685140,052468690
010685500,051007500
010685780,053851080
010686170,047519810
010688890,053375560
010689360,050669280
010691250,053851530
010694500,050981580
010694920,050980610
010697080,053851530
010700720,053852780
010701970,053885780
010707560,052085920
010707640,053856670
010708610,053878860
010710280,052308080
010713310,052495830
010718060,047513310
010719830,047498330
010722220,050687780
010722890,050687470
010724530,052076810
010727110,052947830
010727610,047217080
010740890,047448560
010750560,052936580
010751110,050702080
010751310,050702360
010765830,052933330
010775560,052931670
010776310,050712440
010788580,053910310
010791830,053911750
010792690,050715720
010792940,047277530
010817280,050717750
010841000,051327780
010846060,051322030
010855220,047055970
010868670,052921310
010869860,047404920
010876810,053001140
010877030,047391560
010877360,053001140
010878560,047403810
010882890,047378830
010889140,053065220
010900580,047199970
010905890,052546390
010914920,047300500
010918170,052906640
010919440,047300170
010923220,047264110
010929860,053183750
010932280,052573500
010953190,052891610
010953530,047098890
010956720,047301470
010961750,053130080
010963310,053130140
010966170,047050310
011012610,053083610
011026890,053106690
011035250,052935580
011059030,047309750
011060640,053005500
011067810,053880360
011068190,053089190
011070640,053071560
011078420,053083250
011081860,047307970
011100780,053012530
011118220,047536250
011149080,053103390
011149170,053103390
011163310,053904030
011168830,052969000
011169080,052969330
011172420,053657640
011173560,052939420
011178690,053000310
011180330,052914440
011212610,051268610
011214750,052955250
011229310,051286670
011248170,053664560
011260030,047387360
011283580,050717060
011288580,050717170
011288890,050958420
011293920,053181810
011299560,050717250
011303030,050952030
011309640,047256920
011341310,051015140
011341420,051015140
011346670,050967780
011348610,047253080
011350390,050979640
011356140,047263440
011361080,047259330
011381970,047170420
011384170,053326690
011385330,053644330
011385690,053040670
011389390,047273830
011394310,047218780
011396280,047276110
011398170,047192470
011399390,053717610
011401860,048157690
011403080,053727720
011403360,048158860
011404440,047186110
011417330,047270890
011418000,048169560
011419750,048170720
011421250,047282030
011435690,047274330
011437860,053598190
011445920,048204000
011446000,048204280
011450860,053028860
011451890,047126390
011457190,053599810
011460970,047084530
011462750,047083750
011468670,048209810
011470500,047079530
011472360,053482970
011473890,047038330
011476610,047034500
011483690,047274670
011489560,047278970
011490640,047280250
011494080,047274140
011498330,047280690
011500830,047284000
011502440,048192860
011502640,048125940
011506440,047282190
011510690,047284920
011511220,047286640
011515720,047281580
011520530,047281890
011522060,047284440
011536810,048100310
011538810,053354330
011551330,048186060
011559220,053698280
011561940,048279690
011567060,048176420
011574420,048177970
011575190,047288500
011578440,050900940
011578690,050900420
011580920,048106310
011581330,048275360
011586000,048470580
011586220,048177610
011586940,048177530
011587190,050926860
011587310,050926890
011587720,047321170
011589890,050922060
011590060,050922060
011604470,050877560
011605310,048104530
011606670,050878670
011608390,050879530
011609610,048336420
011611920,050880440
011614890,048137190
011615110,048136280
011615690,048145280
011615750,048136670
011615830,048145280
011616030,048136810
011616190,048149830
011616220,048148830
011620580,053226330
011620810,048137470
011623970,050933780
011625500,050933810
011629860,047301190
011630640,048128190
011633860,048294920
011635250,047308940
011644030,048250830
011652390,053038810
011664500,048121500
011672830,048137470
011682920,047334390
011708890,047517970
011716330,051135000
011716440,048186390
011717220,051134940
011724970,048349580
011730390,048142580
011731530,047364940
011749280,048157360
011774140,053505780
011812810,053117000
011822190,053426920
011834330,053099220
011846440,050879940
011846560,050880080
011846670,050880530
011871640,047207750
011875750,047436560
011900780,047829250
011933420,051480810
011933420,051480580
011954140,051464860
011957690,051217560
011957940,051195830
011971440,053031220
011972750,051218530
011984500,051485690
011991750,047479860
012004830,053017390
012007000,051198330
012011890,047483170
012015750,054109530
012017440,051497830
012058690,047485280
012065080,047484190
012068860,054151920
012069830,047484560
012072470,047486110
012093890,054094830
012097190,047487970
012136530,054092390
012139640,047573190
012146690,051803810
012152560,047572670
012154170,047570000
012161470,053792530
012167170,047591500
012170390,047587390
012175440,051801580
012176000,047586060
012178560,047589940
012197610,053192810
012205390,053232280
012211780,047617810
012239190,051853330
012245500,051812030
012245560,051812140
012249690,051819170
012252330,051836390
012253060,051836810
012284330,051847060
012323030,051382810
012323060,051382640
012323080,050636170
012331000,052620560
012334220,050395810
012337360,051375030
012340610,053139110
012349750,053512750
012351810,052410530
012352780,047455890
012354170,054259670
012356890,052322830
012359670,052603280
012370000,052521530
012371080,050703080
012371250,051329640
012382470,051340670
012391560,050486170
012392670,051372810
012396250,051305780
012399280,051328500
012405750,052406690
012419280,047376360
012420420,050608780
012421640,047418250
012425140,053463860
012429440,050532110
012457690,050739780
012461530,052869280
012462780,053159860
012463780,050752220
012473970,050676310
012481190,053460610
012500640,050716580
012501000,053359110
012501060,050717720
012501220,053204420
012501860,050721420
012502060,053169640
012504420,047117890
012510440,052413920
012512310,054259440
012513280,050740440
012515750,053775780
012516250,050640170
012516280,050640310
012520310,050699670
012521110,047141940
012524580,052832640
012531920,052422720
012542190,047001610
012545060,052408280
012556220,047589060
012560250,052416780
012565640,046946470
012568470,052415970
012596060,052395360
012596190,052394310
012596890,052364030
012596890,052364140
012600560,046771250
012602780,047464830
012615220,054282500
012622720,053761750
012624440,052671670
012624780,050599390
012638080,050729170
012670060,050805830
012680280,046872670
012681920,050789720
012683780,050787690
012683890,051361250
012684220,051361220
012688190,050592500
012691750,051360580
012692250,053325080
012694190,050805830
012716830,053533330
012717250,052632440
012719190,050572610
012721080,052901810
012722360,047291280
012734690,052168920
012736580,052407170
012750830,050808060
012752310,047520640
012755530,046822750
012758060,046829140
012759330,046825920
012761970,050790890
012764330,046833420
012777080,052481640
012778060,052849720
012779890,052915420
012782500,046830690
012782940,052807110
012783190,054124060
012784170,053532780
012786390,053533390
012791940,047828310
012792310,052619580
012795030,052929440
012800940,053277060
012811720,052618280
012829000,052396000
012842720,047435560
012844890,046813310
012848440,052086640
012874190,050856780
012877420,050790470
012882810,050798190
012888440,046862500
012898440,050821060
012902860,053699970
012905560,053089580
012920830,051155030
012925750,052493360
012939610,052689280
012952970,053897720
012954500,050806830
012954530,050807080
012962500,047291580
012966030,053702810
012968970,050871310
012983390,052963560
012995420,050780110
012999750,050777560
013001750,052405470
013001920,052880440
013002170,052273190
013007060,047812560
013007420,052010560
013007440,047821420
013008530,052010030
013010810,047809780
013013420,047824060
013015080,047756780
013015250,052583190
013019220,052607970
013019720,053632640
013021000,047824190
013024280,047780390
013026280,047827060
013028080,046740970
013028470,051076890
013028830,051076690
013030780,047798080
013038110,047780780
013040030,047764280
013040140,047792280
013041060,047770500
013046860,052314860
013048580,047824890
013048780,047820860
013048890,047799280
013053220,047820830
013055280,047786080
013058470,047773250
013058830,047812920
013062750,047820580
013064750,047736280
013066970,047821420
013068170,047800890
013071060,047764780
013072190,047793690
013072970,047813560
013074500,047800000
013077920,052578440
013078720,052380530
013082720,052411190
013088280,047850830
013089440,047688330
013090310,047687890
013092470,053362360
013094860,047725140
013094920,052370420
013095440,053345000
013102030,051101220
013102110,051101030
013124530,053520560
013136310,047652060
013138360,051121310
013139110,051121280
013145280,053898530
013147890,047860000
013151530,048116970
013154810,051200220
013156720,047584030
013174440,052272860
013174640,052285830
013176440,051985690
013176720,051985690
013183330,046750390
013188140,047488360
013199110,052608390
013199530,047470190
013199560,052608750
013205330,047463330
013209970,052288000
013230720,052403360
013240640,051266640
013244190,054081360
013249940,046751080
013250330,052306500
013250390,052306440
013253030,051698580
013256140,051262810
013256420,046627810
013256750,051268220
013266940,053560000
013282170,051540670
013289560,054354610
013309720,052567970
013312860,052316140
013315890,052464530
013318780,052454140
013330360,048301920
013331030,052490920
013332690,048302170
013335190,053877220
013339780,053657330
013342220,046858420
013355810,051092830
013356080,051093500
013357390,052553470
013358000,051577810
013373500,051213780
013374860,054107830
013379220,051304110
013385750,052469610
013386890,051546390
013393940,053572140
013398470,054094830
013401000,054094720
013401940,051514970
013410390,054405330
013412420,047388560
013414860,051242560
013416420,052460610
013416500,052460610
013417190,054080060
013419250,052460940
013420250,052461310
013429130,054676960
013429130,054676960
013429130,054676960
013429130,054676960
013429130,054676960
013429130,054676960
013429130,054676960
013429130,054676960
013429130,054676960
013429130,054676960
013429130,054676960
013429130,054676960
013429130,054676960
013432810,048458110
013432940,052462220
013433440,052394780
013435140,052462220
013436560,052462530
013437310,054089970
013438810,052673390
013439190,048454970
013439530,052411580
013441420,052462860
013441810,048464030
013442250,052396890
013446580,053810140
013448940,052252690
013449560,046830030
013451970,052303830
013454920,052400060
013457140,052201470
013460360,047170250
013460440,051167360
013467280,052372190
013467690,051761560
013469310,051168860
013469890,048215470
013471610,046810030
013471860,051422420
013473940,052762580
013474000,046628390
013478940,048204060
013486310,051107830
013486920,052512530
013488390,048215720
013505780,051077920
013506080,051196720
013506530,046865060
013506780,054482940
013508280,052250940
013515170,052400000
013519000,046890280
013526750,052269470
013529360,052393830
013530030,048000830
013530280,051051110
013532190,051057420
013540860,047136310
013544250,051029970
013555940,052362670
013556720,051295860
013557310,052359810
013560000,052361250
013563890,047246000
013566330,051470330
013578190,052330670
013580190,048236220
013582440,054008810
013585780,051100890
013589220,052380080
013590360,047110420
013595030,051097670
013595640,054369500
013600360,052688330
013612280,047650530
013613220,054514810
013613470,047716970
013619440,047993920
013625060,051976830
013626780,047705890
013628970,051162360
013632280,052608720
013634030,054369030
013636390,047997670
013638250,052739970
013638670,052740810
013638830,048006170
013649940,048000360
013652940,051082330
013653440,047998530
013654140,052255720
013655810,048010500
013656420,048003420
013660580,050991250
013667330,048009720
013675500,048005640
013677780,051058470
013683470,046689560
013685330,052110060
013707170,054037390
013707220,052183280
013709670,053887970
013715610,051030330
013717080,052473420
013719080,054040000
013732250,048177330
013732250,051079280
013732280,048177170
013732640,046664530
013733310,051046780
013735780,053807140
013735860,051087890
013736720,052556030
013737440,052556220
013737720,048224750
013738690,046654690
013739890,048226330
013740310,051294080
013742190,051042360
013743780,046777500
013746390,051057530
013747360,051051330
013751250,052323390
013758190,051052580
013765080,047897470
013771690,052559530
013775110,046634390
013776440,048179140
013776530,048179030
013778670,046732640
013779780,046649060
013782860,047917890
013787310,047921110
013793330,051002110
013794220,051001390
013795140,047921170
013795560,047937310
013798610,051065940
013800560,051148060
013802220,046628280
013806670,047925110
013807440,051027190
013807610,047415360
013807970,052489140
013811690,047925500
013816080,051008860
013818500,046626330
013822890,046599500
013826390,048232060
013827940,046587920
013828720,046582440
013829440,046614470
013830250,051061970
013831360,046595640
013834440,051194970
013835280,053714940
013836390,048230220
013840890,046605030
013841220,046597860
013843390,046623830
013845330,046598860
013846580,053709110
013846940,048231110
013848080,046561250
013849560,046602280
013852750,046604560
013861390,046615000
013861580,051641310
013864330,052693670
013867780,046623000
013868360,052583890
013868420,046561420
013868640,048177170
013870440,048220110
013871970,047920170
013872440,046643110
013873220,051245720
013873670,052701470
013874470,052702310
013875110,052702970
013877500,051160580
013880220,054070420
013881390,046632250
013887140,046641530
013887250,048085310
013891420,046637940
013893220,046590580
013893280,047433750
013893580,046603140
013894280,046647500
013901140,051888140
013905970,046660470
013906190,048182810
013910420,051270500
013912440,048185940
013913860,052480610
013916310,052273060
013918030,046588060
013919470,051703720
013929250,051114170
013935860,050957890
013935940,046578780
013936330,046623830
013937140,052722250
013937280,052722360
013941750,051743390
013942310,051063780
013943640,052391190
013946830,051005190
013946860,051005220
013950780,052734640
013954060,051018140
013960140,046776170
013964250,051583030
013965030,051582970
013966360,047482690
013967470,052743640
013975440,047085330
013975640,048147110
013977220,048208860
013977470,052752220
013977580,053518670
013981970,051987250
013982940,053490690
013985940,048155390
013989440,048153280
013991220,052763360
013991500,048157220
013991530,052763810
013992610,048150030
013997750,048147830
013999170,048167720
014013110,053515530
014016190,050919830
014016750,050919780
014019000,052778830
014020360,048182750
014020830,051197810
014021110,048170080
014024060,051181470
014026250,048181110
014028970,047495810
014029970,048188080
014030110,047497420
014031190,048156330
014031940,048172000
014036670,048171670
014042780,048161390
014044110,048168890
014047750,051800640
014047810,051800610
014049030,051231720
014049030,048168250
014049470,048160670
014050780,048172000
014054470,048173940
014059920,046737110
014077390,051047670
014092500,047979530
014092780,047976940
014093170,047975000
014093610,047973000
014105560,046632220
014119940,047529530
014124890,047880250
014128750,051604940
014130750,051765920
014140500,051432580
014147030,051822530
014152170,051819720
014157640,046637720
014159890,053466190
014164530,047112970
014169280,050914470
014169610,051143560
014178250,046659530
014179280,052503780
014191750,051234890
014212940,048210670
014213280,047759220
014215000,051423890
014221330,051525640
014223110,048222860
014228060,051417830
014228250,047751970
014229610,048191360
014231940,051458000
014237720,051098970
014238310,048218860
014242360,048225060
014248310,048240250
014249920,048222720
014254530,048236690
014255000,051695060
014257500,051438830
014259860,051740330
014259920,051740330
014260860,046604390
014266390,046652420
014266860,051437940
014268250,051691780
014270280,046608170
014272390,046617690
014273890,046612670
014275970,046595310
014277310,051423860
014279280,051421560
014281970,051637940
014285940,046623330
014286140,051711580
014287140,051980970
014289030,046529440
014290140,046604470
014291390,046620000
014291670,046610280
014292530,046621750
014293360,048218390
014293750,046643890
014294720,046658190
014294720,046657920
014294940,046636330
014295170,051398190
014296640,046632640
014297170,048250420
014297420,048261530
014297500,046626250
014298030,052195750
014300830,046636810
014301420,048276500
014302970,048317190
014303030,046618530
014305030,046610220
014309970,048283860
014310310,048283860
014313250,051731720
014314390,048302470
014315750,046663610
014316390,048299060
014318860,051721720
014319310,046637890
014322580,051178890
014325420,051742500
014325940,046623000
014326000,051743250
014328330,051524390
014328670,051749720
014330560,047636640
014331030,046678780
014332470,046647080
014332470,046647250
014335190,047631190
014335470,046629640
014335580,051748920
014337030,051735440
014337690,047628690
014340310,046632280
014340780,051771330
014342220,051538390
014342250,051538440
014344690,046627110
014347140,046632190
014347190,047589860
014347970,046636890
014358780,051758220
014361440,051589280
014378000,046721060
014387220,046738920
014388280,051222420
014388440,046756970
014389750,046990780
014395970,051863280
014398390,051862250
014401940,051054500
014403970,051851560
014404110,046802420
014406940,051384610
014413580,048215810
014413920,047148810
014414190,051743610
014414310,051743890
014420720,051882810
014420890,051882890
014424500,046939610
014427310,048041420
014429330,051066810
014431170,047064310
014448580,052281530
014457360,047108190
014467860,051570250
014472810,052371970
014477640,052300690
014478610,047433060
014496080,047206470
014497530,046701000
014498360,048454970
014501060,051365720
014505860,051686640
014506140,051686390
014507470,051816080
014510670,052322940
014517360,046889580
014519920,052380690
014520280,052379780
014531140,047244830
014531360,052355280
014537940,051725500
014540080,052344640
014544030,052346720
014547360,046724640
014583780,051625610
014586080,052234220
014595500,051673330
014598280,046617280
014602060,052150610
014609390,051605860
014609780,051708110
014616610,052153940
014635390,052135190
014638670,052144360
014644560,052143250
014648000,051509970
014653420,052141690
014666250,046672080
014668420,046683220
014674640,051103860
014687830,048112190
014702250,051962750
014702280,051962750
014706920,051521670
014713080,047194890
014731220,047191190
014753280,047188780
014754530,047182170
014764390,047196330
014768750,046650530
014771110,051217190
014771140,051217220
014783310,046968610
014785060,046964440
014796250,047224640
014802310,047209330
014802500,047182640
014802750,050898750
014805000,050893640
014809280,047212810
014809860,047181830
014812220,046785530
014813470,046787640
014825750,046823670
014841860,047245920
014843250,046913440
014852640,047222500
014873530,046948560
014885610,047543530
014890250,051147420
014891560,051147360
014896110,051229170
014956940,051381720
014963360,051346440
014979810,051139080
014984830,047426190
014991530,047495220
014995530,047403360
015013390,047414890
015017780,047418890
015022920,047411670
015031890,047403140
015060220,047094560
015060390,047359110
015072030,047050250
015088220,047069440
015105220,047375170
015105690,047368940
015116140,047384110
015117750,047054190
015120500,047108420
015165940,047545890
015180890,048755810
015186360,048844220
015231310,047007420
015232940,047524080
015235220,046945810
015236940,048787500
015240500,046736780
015244060,046965830
015244280,046965780
015250720,048829080
015262670,046907360
015272890,046902890
015273170,047450690
015286390,046916360
015289810,047219190
015292080,046927390
015302940,048816690
015303530,048815330
015309060,047763440
015309420,047783640
015309420,047386690
015316190,046938170
015321560,048773440
015332470,048582500
015346810,046970750
015347220,046966970
015356470,047031030
015357690,046968440
015364170,047175830
015368580,047051420
015373330,046986110
015374280,046791970
015375580,047111330
015377780,047109110
015378060,047109110
015383080,046994580
015390310,047482060
015399110,046987110
015399860,047046720
015399890,046927610
015403440,047100000
015407030,047033000
015407030,047033170
015407580,047074720
015408720,046905810
015411220,046911670
015412670,047032030
015415780,046908080
015417310,047056560
015417890,046914670
015423470,047074360
015426330,047030470
015428750,047081330
015428860,046960330
015429640,047041110
015433670,047062500
015433670,047064330
015434390,047069560
015438390,047019640
015438810,047031250
015438890,046949670
015439940,047082310
015442830,046947280
015444500,047082750
015446970,046924220
015449560,046990470
015450640,046987860
015455670,046928890
015458810,047047000
015461140,047056310
015466390,047062500
015469250,047030810
015480390,047035920
015481080,046919890
015483000,047048310
015487030,047104390
015487860,046898970
015495000,046971220
015499470,046766500
015502780,048695470
015504940,046986750
015507780,047099890
015515720,048506470
015515750,048506530
015517690,047280920
015520560,046897940
015524140,046990060
015525720,047278280
015533080,047099060
015534360,048502030
015543330,047002310
015546140,047059970
015548000,046719060
015553220,047061750
015564060,047970890
015571330,048493720
015571360,048493750
015579640,047081940
015580030,048479140
015580810,047079420
015582220,048010440
015588060,047075310
015588220,047067220
015597530,048020310
015611610,048169720
015613000,048134640
015613330,048139720
015614250,048150000
015618030,048428420
015620330,047221360
015622470,048361670
015625140,048408060
015625690,047211640
015627560,047204000
015630330,046842060
015631670,047203890
015633470,047192530
015635330,047219440
015637440,048213080
015637920,047222000
015638530,048404140
015638970,048171360
015640860,048049500
015643810,047209470
015647390,047112440
015649220,048675640
015649940,048213720
015649940,048202030
015654720,048612360
015655920,048602860
015657890,048591610
015661470,048219190
015666690,046926890
015668690,048222420
015671640,047154890
015672080,048408420
015677810,048199440
015678030,048545280
015680470,048556000
015682810,048411330
015687750,048412110
015690330,046713860
015691940,048533780
015693390,048236830
015695890,048517000
015706670,048046720
015709110,047095560
015711720,046909140
015713330,047100000
015714000,047098330
015723420,047096890
015732080,047101560
015744310,048599720
015758190,047615560
015758830,047619890
015761690,047001060
015768610,047617670
015798190,046724440
015799970,046727860
015805560,048035190
015808610,048641390
015811560,047170940
015815060,048642140
015820670,048638940
015825220,048657640
015828280,047193690
015829560,048575890
015832970,046728940
015837940,047196220
015839190,047298670
015850530,046729920
015856640,048555390
015864610,048646220
015864860,047692830
015873080,046958860
015874440,047165810
015879280,047160690
015894440,048665190
015897330,046886940
015897920,046885920
015902390,046846500
015909190,046944890
015913280,046863470
015927250,047126860
015928530,046944920
015929640,047668690
015941280,046944110
015942580,048156940
015945440,048512390
015950580,046720970
015957080,048158080
015964750,048018920
015974310,048017670
015990970,047394440
015992190,048177140
015992560,046938720
015997750,048015220
015999560,047167720
016008810,048297190
016010500,048298860
016027220,048023970
016032250,046681970
016039610,046936720
016048060,048645000
016050280,047984420
016064330,048604170
016070560,048176310
016083640,048057920
016090830,047028330
016091920,047027060
016093250,047025000
016095390,047022890
016096170,048415920
016098360,047448000
016099440,047021110
016101420,047013690
016101670,047399720
016102530,047016220
016102720,047018330
016105310,047735420
016106280,047009920
016107170,047948530
016108860,047584030
016109530,047007970
016110220,047015420
016111500,047579030
016112330,047006390
016115830,047868000
016119250,047742780
016124030,047542970
016124970,047542890
016126390,047373030
016128690,047542640
016129420,047608170
016129780,046943470
016131560,048085970
016133250,047624560
016136610,046999440
016137890,048056280
016139670,048096560
016141500,046996170
016145750,048301170
016147220,046981860
016154250,047936250
016154420,046943830
016157640,046942310
016170970,046941250
016172780,047931670
016184190,047931310
016185280,048206690
016190310,047780250
016190560,048205890
016193470,047781860
016194250,048323310
016195280,048205420
016200560,048204970
016201440,047356110
016201940,047349830
016203080,047811110
016204250,047280640
016207110,047356670
016207690,047339860
016211280,047959920
016211420,047345310
016211440,047811530
016211560,048002170
016213940,047823560
016216360,047813060
016216420,047809750
016217890,047809280
016218310,047724690
016221390,047715580
016221440,047814970
016221780,047796690
016221810,047973640
016222330,047797030
016226860,047808440
016228330,047966440
016231140,047830860
016231940,048072390
016232530,048138030
016233170,048076500
016233280,047827500
016233500,048079000
016233720,047806470
016234190,047803310
016235060,048102970
016235140,047819280
016235250,047841390
016240890,048101810
016242890,048098310
016243970,048098640
016247060,048097720
016247560,048105140
016249440,048085330
016251060,048380500
016252470,048212030
016252500,048200000
016254140,047821080
016254750,047943470
016256750,047815890
016257530,048119360
016257750,048116360
016257780,048105330
016257920,048109690
016258170,047820500
016258610,048106470
016259780,047811440
016260560,048099440
016261190,047807190
016261940,048195560
016262280,047980030
016262500,047948330
016262780,048096280
016262860,048131640
016263890,048307810
016264720,048376970
016265610,048100420
016266640,048112580
016267220,048081000
016267920,048098080
016268080,048095610
016268610,048193390
016268890,048124470
016269080,047798060
016269810,048119640
016271110,048081670
016271170,048119720
016271390,048133830
016272190,048123780
016272190,048128780
016272190,048113170
016272750,048133640
016272810,048107310
016273060,048118060
016273060,048101170
016273330,048120940
016273860,048192390
016275170,048128310
016275280,048121940
016275670,048127140
016275970,048124000
016276220,048132780
016276920,048122780
016277250,048105310
016277280,048130470
016277470,048125690
016277940,048101560
016278310,048309030
016278330,048120390
016278940,048123860
016279110,048121140
016280000,048104580
016280170,048118890
016280500,048098140
016280690,048117220
016281750,048123780
016282000,048121530
016282080,048113360
016282110,048097440
016283890,048123500
016285640,048307690
016287560,048102610
016287610,048087970
016288310,048123360
016288440,048079080
016288890,048123440
016288970,048191080
016289720,048123580
016290640,048087530
016290720,048130440
016291080,048103810
016291670,048123780
016292560,048078110
016292640,048098560
016292830,048130170
016293390,048084190
016294970,048129890
016295190,048096670
016295750,048094360
016295830,048075440
016295830,048088420
016296390,048105060
016296560,048108940
016297330,048076920
016297610,048107670
016298690,048089220
016299560,048118170
016299890,048120060
016300280,048120440
016301190,048121390
016302170,048116140
016303390,048119420
016303500,048079970
016303610,048086920
016304080,048083610
016306940,048140970
016307780,048187250
016309890,048082720
016312360,048089390
016314580,048172440
016314690,048306890
016314920,048171280
016316640,048088190
016316970,048082390
016317060,048179530
016317440,048162810
016318220,048088000
016318610,048083470
016318940,048182330
016320420,048108110
016320940,048090220
016321220,048149610
016322170,048080610
016322360,048085420
016324250,048088330
016326860,048084080
016328060,048233060
016328530,048156470
016328780,048156250
016329030,048084080
016336470,048144360
016336670,048187190
016337500,048204720
016337690,048117440
016338920,048084610
016338940,048085720
016340190,048213060
016340470,048289390
016340470,048155530
016340860,048215830
016341420,048156690
016342360,048288060
016343330,048219390
016344470,048161000
016344670,048132110
016346720,048183440
016347750,048084330
016347860,048223140
016348330,048189470
016349420,048083170
016349720,048228330
016349780,048116690
016350360,048227560
016350830,048063810
016352080,048080890
016352110,048179920
016352780,048085140
016353970,048194170
016355170,048180080
016355580,048082390
016356000,048070780
016356000,048167110
016357390,048196920
016359780,048141610
016361420,048181830
016362140,048182000
016364560,048151420
016365420,048165470
016365530,048156250
016366080,048237780
016369420,048184720
016369500,048184610
016372530,048241470
016373250,048458500
016374560,048009080
016374720,048213470
016374720,048154690
016375030,048152780
016375890,048462360
016377080,048243560
016380140,048211470
016388720,048249140
016390030,048251750
016394220,048110640
016395080,048220390
016395390,048211690
016395690,048208640
016396000,048113440
016396080,048207220
016396360,048121060
016396970,048204080
016399690,048115890
016400890,048223560
016401220,048114920
016402250,047293470
016402640,048201780
016403530,048202720
016403560,048225060
016406470,048160470
016406530,048224560
016407390,048235390
016407500,048161220
016407530,048235470
016407920,048274970
016409170,048277610
016412720,048219890
016414500,048230810
016418970,048194640
016420810,048196170
016421670,048213390
016424360,048211440
016428220,048238280
016428940,048219000
016431670,048203280
016439170,048238280
016441440,048124280
016443560,048231940
016456330,048250670
016464810,048152420
016468890,048157080
016469060,048198920
016473420,048202250
016477250,048123170
016479030,048251440
016486610,048251390
016487420,048146890
016494110,048362360
016495610,048251190
016509250,048214940
016530560,048249250
016535750,048248810
016561720,048252030
016569330,048247970
016578470,048074000
016590280,048465940
016603470,048040420
016604500,048115560
016608470,048075830
016614170,048312580
016615390,048106190
016616390,048174440
016623060,048117860
016624170,048314190
016628720,048673640
016632000,048315420
016633390,048268110
016642860,048317220
016647000,048578860
016649110,048580640
016677690,048221420
016694830,048216780
016781110,048109030
016835640,048011690
016854330,048175860
016898970,048219970
016903170,048223610
Juli 2013
